y rho
0 0.00011505
0.001 0.000115
0.003 0.000115
0.005 0.000115
0.007 0.000115
0.009 0.000115
0.011 0.000115
0.013 0.000115
0.015 0.000115
0.017 0.000115
0.019 0.000115
0.021 0.000115
0.023 0.000115
0.025 0.000115
0.027 0.000115
0.029 0.000115
0.031 0.000115
0.033 0.000115
0.035 0.000115
0.037 0.000115
0.039 0.000115
0.041 0.000115
0.043 0.000115
0.045 0.000115
0.047 0.000115
0.049 0.000115
0.051 0.000115
0.053 0.000115
0.055 0.000115
0.057 0.000115
0.059 0.000115
0.061 0.000115
0.063 0.000115
0.065 0.000115
0.067 0.000115
0.069 0.000115
0.071 0.000115
0.073 0.000115
0.075 0.000115
0.077 0.000115
0.079 0.000115
0.081 0.000115
0.083 0.000115
0.085 0.000115
0.087 0.000115
0.089 0.000115
0.091 0.000115
0.093 0.000115
0.095 0.000115
0.097 0.000115
0.099 0.000115
0.101 0.000115
0.103 0.000115
0.105 0.000115
0.107 0.000115
0.109 0.000115
0.111 0.000115
0.113 0.000115
0.115 0.000115
0.117 0.000115
0.119 0.000115
0.121 0.000115
0.123 0.000115
0.125 0.000115
0.127 0.000115
0.129 0.000115
0.131 0.000115
0.133 0.000115
0.135 0.000115
0.137 0.000115
0.139 0.000115
0.141 0.000115
0.143 0.000115
0.145 0.000115
0.147 0.000115
0.149 0.000115
0.151 0.000115
0.153 0.000115
0.155 0.000115
0.157 0.000115
0.159 0.000115
0.161 0.000115
0.163 0.000115
0.165 0.000115
0.167 0.000115
0.169 0.000115
0.171 0.000115
0.173 0.000115
0.175 0.000115
0.177 0.000115
0.179 0.000115
0.181 0.000115
0.183 0.000115
0.185 0.000115
0.187 0.000115
0.189 0.000115
0.191 0.000115
0.193 0.000115
0.195 0.000115
0.197 0.000115
0.199 0.000115
0.201 0.000115
0.203 0.000115
0.205 0.000115
0.207 0.000115
0.209 0.000115
0.211 0.000115
0.213 0.000115
0.215 0.000115
0.217 0.000115
0.219 0.000115
0.221 0.000115
0.223 0.000115
0.225 0.000115
0.227 0.000115
0.229 0.000115
0.231 0.000115
0.233 0.000115
0.235 0.000115
0.237 0.000115
0.239 0.000115
0.241 0.000115
0.243 0.000115
0.245 0.000115
0.247 0.000115
0.249 0.000115
0.251 0.000115
0.253 0.000115
0.255 0.000115
0.257 0.000115
0.259 0.000115
0.261 0.000115
0.263 0.000115
0.265 0.000115
0.267 0.000115
0.269 0.000115
0.271 0.000115
0.273 0.000115
0.275 0.000115
0.277 0.000115
0.279 0.000115
0.281 0.000115
0.283 0.000115
0.285 0.000115
0.287 0.000115
0.289 0.000115
0.291 0.000115
0.293 0.000115
0.295 0.000115
0.297 0.000115
0.299 0.000115
0.301 0.000115
0.303 0.000115
0.305 0.000115
0.307 0.000115
0.309 0.000115
0.311 0.000115
0.313 0.000115
0.315 0.000115
0.317 0.000115
0.319 0.000115
0.321 0.000115
0.323 0.000115
0.325 0.000115
0.327 0.000115
0.329 0.000115
0.331 0.000115
0.333 0.000115
0.335 0.000115
0.337 0.000115
0.339 0.000115
0.341 0.000115
0.343 0.000115
0.345 0.000115
0.347 0.000115
0.349 0.000115
0.351 0.000115
0.353 0.000115
0.355 0.000115
0.357 0.000115
0.359 0.000115
0.361 0.000115
0.363 0.000115
0.365 0.000115
0.367 0.000115
0.369 0.000115
0.371 0.000115
0.373 0.000115
0.375 0.000115
0.377 0.000115
0.379 0.000115
0.381 0.000115
0.383 0.000115
0.385 0.000115
0.387 0.000115
0.389 0.000115
0.391 0.000115
0.393 0.000115
0.395 0.000115
0.397 0.000115
0.399 0.000115
0.401 0.000115
0.403 0.000115
0.405 0.000115
0.407 0.000115
0.409 0.000115
0.411 0.000115
0.413 0.000115
0.415 0.000115
0.417 0.000115
0.419 0.000115
0.421 0.000115
0.423 0.000115
0.425 0.000115
0.427 0.000115
0.429 0.000115
0.431 0.000115
0.433 0.000115
0.435 0.000115
0.437 0.000115
0.439 0.000115
0.441 0.000115
0.443 0.000115
0.445 0.000115
0.447 0.000115
0.449 0.000115
0.451 0.000115
0.453 0.000115
0.455 0.000115
0.457 0.000115
0.459 0.000115
0.461 0.000115
0.463 0.000115
0.465 0.000115
0.467 0.000115
0.469 0.000115
0.471 0.000115
0.473 0.000115
0.475 0.000115
0.477 0.000115
0.479 0.000115
0.481 0.000115
0.483 0.000115
0.485 0.000115
0.487 0.000115
0.489 0.000115
0.491 0.000115
0.493 0.000115
0.495 0.000115
0.497 0.000115
0.499 0.000115
0.501 0.000115
0.503 0.000115
0.505 0.000115
0.507 0.000115
0.509 0.000115
0.511 0.000115
0.513 0.000115
0.515 0.000115
0.517 0.000115
0.519 0.000115
0.521 0.000115
0.523 0.000115
0.525 0.000115
0.527 0.000115
0.529 0.000115
0.531 0.000115
0.533 0.000115
0.535 0.000115
0.537 0.000115
0.539 0.000115
0.541 0.000115
0.543 0.000115
0.545 0.000115
0.547 0.000115
0.549 0.000115
0.551 0.000115
0.553 0.000115
0.555 0.000115
0.557 0.000115
0.559 0.000115
0.561 0.000115
0.563 0.000115
0.565 0.000115
0.567 0.000115
0.569 0.000115
0.571 0.000115
0.573 0.000115
0.575 0.000115
0.577 0.000115
0.579 0.000115
0.581 0.000115
0.583 0.000115
0.585 0.000115
0.587 0.000115
0.589 0.000115
0.591 0.000115
0.593 0.000115
0.595 0.000115
0.597 0.000115
0.599 0.000115
0.601 0.000115
0.603 0.000115
0.605 0.000115
0.607 0.000115
0.609 0.000115
0.611 0.000115
0.613 0.000115
0.615 0.000115
0.617 0.000115
0.619 0.000115
0.621 0.000115
0.623 0.000115
0.625 0.000115
0.627 0.000115
0.629 0.000115
0.631 0.000115
0.633 0.000115
0.635 0.000115
0.637 0.000115
0.639 0.000115
0.641 0.000115
0.643 0.000115
0.645 0.000115
0.647 0.000115
0.649 0.000115
0.651 0.000115
0.653 0.000115
0.655 0.000115
0.657 0.000115
0.659 0.000115
0.661 0.000115
0.663 0.000115
0.665 0.000115
0.667 0.000115
0.669 0.000115
0.671 0.000115
0.673 0.000115
0.675 0.000115
0.677 0.000115
0.679 0.000115
0.681 0.000115
0.683 0.000115
0.685 0.000115
0.687 0.000115
0.689 0.000115
0.691 0.000115
0.693 0.000115
0.695 0.000115
0.697 0.000115
0.699 0.000115
0.701 0.000115
0.703 0.000115
0.705 0.000115
0.707 0.000115
0.709 0.000115
0.711 0.000115
0.713 0.000115
0.715 0.000115
0.717 0.000115
0.719 0.000115
0.721 0.000115
0.723 0.000115
0.725 0.000115
0.727 0.000115
0.729 0.000115
0.731 0.000115
0.733 0.000115
0.735 0.000115
0.737 0.000115
0.739 0.000115
0.741 0.000115
0.743 0.000115
0.745 0.000115
0.747 0.000115
0.749 0.000115
0.751 0.000115
0.753 0.000115
0.755 0.000115
0.757 0.000115
0.759 0.000115
0.761 0.000115
0.763 0.000115
0.765 0.000115
0.767 0.000115
0.769 0.000115
0.771 0.000115
0.773 0.000115
0.775 0.000115
0.777 0.000115
0.779 0.000115
0.781 0.000115
0.783 0.000115
0.785 0.000115
0.787 0.000115
0.789 0.000115
0.791 0.000115
0.793 0.000115
0.795 0.000115
0.797 0.000115
0.799 0.000115
0.801 0.000115
0.803 0.000115
0.805 0.000115
0.807 0.000115
0.809 0.000115
0.811 0.000115
0.813 0.000115
0.815 0.000115
0.817 0.000115
0.819 0.000115
0.821 0.000115
0.823 0.000115
0.825 0.000115
0.827 0.000115
0.829 0.000115
0.831 0.000115
0.833 0.000115
0.835 0.000115
0.837 0.000115
0.839 0.000115
0.841 0.000115
0.843 0.000115
0.845 0.000115
0.847 0.000115
0.849 0.000115
0.851 0.000115
0.853 0.000115
0.855 0.000115
0.857 0.000115
0.859 0.000115
0.861 0.000115
0.863 0.000115
0.865 0.000115
0.867 0.000115
0.869 0.000115
0.871 0.000115
0.873 0.000115
0.875 0.000115
0.877 0.000115
0.879 0.000115
0.881 0.000115
0.883 0.000115
0.885 0.000115
0.887 0.000115
0.889 0.000115
0.891 0.000115
0.893 0.000115
0.895 0.000115
0.897 0.000115
0.899 0.000115
0.901 0.000115
0.903 0.000115
0.905 0.000115
0.907 0.000115
0.909 0.000115
0.911 0.000115
0.913 0.000115
0.915 0.000115
0.917 0.000115
0.919 0.000115
0.921 0.000115
0.923 0.000115
0.925 0.000115
0.927 0.000115
0.929 0.000115
0.931 0.000115
0.933 0.000115
0.935 0.000115
0.937 0.000115
0.939 0.000115
0.941 0.000115
0.943 0.000115
0.945 0.000115
0.947 0.000115
0.949 0.000115
0.951 0.000115
0.953 0.000115
0.955 0.000115
0.957 0.000115
0.959 0.000115
0.961 0.000115
0.963 0.000115
0.965 0.000115
0.967 0.000115
0.969 0.000115
0.971 0.000115
0.973 0.000115
0.975 0.000115
0.977 0.000115
0.979 0.000115
0.981 0.000115
0.983 0.000115
0.985 0.000115
0.987 0.000115
0.989 0.000115
0.991 0.000115
0.993 0.000115
0.995 0.000115
0.997 0.000115
0.999 0.000115
1 0.000115049
