y v
0 0
0.001 0.305212
0.003 0.915372
0.005 1.52553
0.007 2.13543
0.009 2.74534
0.011 3.35498
0.013 3.96463
0.015 4.57402
0.017 5.18342
0.019 5.79255
0.021 6.4017
0.023 7.01058
0.025 7.61948
0.027 8.22812
0.029 8.83677
0.031 9.44517
0.033 10.0536
0.035 10.6617
0.037 11.2699
0.039 11.8778
0.041 12.4857
0.043 13.0934
0.045 13.7011
0.047 14.3086
0.049 14.916
0.051 15.5232
0.053 16.1305
0.055 16.7374
0.057 17.3444
0.059 17.9512
0.061 18.558
0.063 19.1645
0.065 19.7711
0.067 20.3774
0.069 20.9837
0.071 21.5898
0.073 22.1959
0.075 22.8018
0.077 23.4077
0.079 24.0133
0.081 24.619
0.083 25.2244
0.085 25.8299
0.087 26.4351
0.089 27.0404
0.091 27.6454
0.093 28.2505
0.095 28.8553
0.097 29.4602
0.099 30.0648
0.101 30.6694
0.103 31.2738
0.105 31.8783
0.107 32.4825
0.109 33.0868
0.111 33.6908
0.113 34.2948
0.115 34.8986
0.117 35.5025
0.119 36.1061
0.121 36.7098
0.123 37.3133
0.125 37.9168
0.127 38.52
0.129 39.1233
0.131 39.7264
0.133 40.3295
0.135 40.9324
0.137 41.5353
0.139 42.138
0.141 42.7408
0.143 43.3433
0.145 43.9459
0.147 44.5482
0.149 45.1506
0.151 45.7528
0.153 46.3551
0.155 46.957
0.157 47.5591
0.159 48.1609
0.161 48.7628
0.163 49.3645
0.165 49.9662
0.167 50.5677
0.169 51.1693
0.171 51.7706
0.173 52.3721
0.175 52.9732
0.177 53.5745
0.179 54.1755
0.181 54.7766
0.183 55.3774
0.185 55.9784
0.187 56.5791
0.189 57.1799
0.191 57.7804
0.193 58.381
0.195 58.9814
0.197 59.5819
0.199 60.1822
0.201 60.7825
0.203 61.3826
0.205 61.9828
0.207 62.5828
0.209 63.1828
0.211 63.7826
0.213 64.3826
0.215 64.9822
0.217 65.582
0.219 66.1815
0.221 66.7812
0.223 67.3806
0.225 67.9801
0.227 68.5794
0.229 69.1788
0.231 69.7779
0.233 70.3771
0.235 70.9761
0.237 71.5753
0.239 72.1741
0.241 72.7731
0.243 73.3719
0.245 73.9708
0.247 74.5694
0.249 75.1681
0.251 75.7666
0.253 76.3653
0.255 76.9637
0.257 77.5622
0.259 78.1605
0.261 78.7589
0.263 79.357
0.265 79.9553
0.267 80.5533
0.269 81.1515
0.271 81.7495
0.273 82.3475
0.275 82.9453
0.277 83.5433
0.279 84.141
0.281 84.7389
0.283 85.3365
0.285 85.9342
0.287 86.5317
0.289 87.1294
0.291 87.7268
0.293 88.3244
0.295 88.9217
0.297 89.5191
0.299 90.1163
0.301 90.7137
0.303 91.3108
0.305 91.9081
0.307 92.5051
0.309 93.1023
0.311 93.6992
0.313 94.2963
0.315 94.8931
0.317 95.4901
0.319 96.0869
0.321 96.6838
0.323 97.2805
0.325 97.8773
0.327 98.4739
0.329 99.0706
0.331 99.6671
0.333 100.264
0.335 100.86
0.337 101.457
0.339 102.053
0.341 102.65
0.343 103.246
0.345 103.842
0.347 104.439
0.349 105.035
0.351 105.631
0.353 106.227
0.355 106.823
0.357 107.42
0.359 108.016
0.361 108.612
0.363 109.208
0.365 109.804
0.367 110.4
0.369 110.996
0.371 111.592
0.373 112.188
0.375 112.783
0.377 113.379
0.379 113.975
0.381 114.571
0.383 115.166
0.385 115.762
0.387 116.358
0.389 116.954
0.391 117.549
0.393 118.145
0.395 118.74
0.397 119.336
0.399 119.931
0.401 120.527
0.403 121.122
0.405 121.718
0.407 122.313
0.409 122.909
0.411 123.504
0.413 124.1
0.415 124.695
0.417 125.29
0.419 125.885
0.421 126.481
0.423 127.076
0.425 127.671
0.427 128.267
0.429 128.862
0.431 129.457
0.433 130.052
0.435 130.647
0.437 131.243
0.439 131.838
0.441 132.433
0.443 133.028
0.445 133.623
0.447 134.218
0.449 134.813
0.451 135.408
0.453 136.004
0.455 136.599
0.457 137.194
0.459 137.789
0.461 138.384
0.463 138.979
0.465 139.574
0.467 140.169
0.469 140.764
0.471 141.359
0.473 141.954
0.475 142.549
0.477 143.144
0.479 143.739
0.481 144.334
0.483 144.928
0.485 145.524
0.487 146.118
0.489 146.713
0.491 147.308
0.493 147.903
0.495 148.498
0.497 149.093
0.499 149.688
0.501 150.283
0.503 150.878
0.505 151.473
0.507 152.068
0.509 152.663
0.511 153.258
0.513 153.853
0.515 154.448
0.517 155.043
0.519 155.638
0.521 156.233
0.523 156.828
0.525 157.423
0.527 158.018
0.529 158.613
0.531 159.208
0.533 159.803
0.535 160.398
0.537 160.993
0.539 161.588
0.541 162.183
0.543 162.778
0.545 163.373
0.547 163.968
0.549 164.563
0.551 165.158
0.553 165.753
0.555 166.348
0.557 166.944
0.559 167.539
0.561 168.134
0.563 168.729
0.565 169.324
0.567 169.92
0.569 170.515
0.571 171.11
0.573 171.705
0.575 172.301
0.577 172.896
0.579 173.491
0.581 174.087
0.583 174.682
0.585 175.277
0.587 175.873
0.589 176.468
0.591 177.064
0.593 177.659
0.595 178.255
0.597 178.85
0.599 179.446
0.601 180.041
0.603 180.637
0.605 181.232
0.607 181.828
0.609 182.424
0.611 183.019
0.613 183.615
0.615 184.211
0.617 184.807
0.619 185.402
0.621 185.998
0.623 186.594
0.625 187.19
0.627 187.786
0.629 188.382
0.631 188.978
0.633 189.574
0.635 190.17
0.637 190.766
0.639 191.362
0.641 191.958
0.643 192.554
0.645 193.151
0.647 193.747
0.649 194.343
0.651 194.939
0.653 195.536
0.655 196.132
0.657 196.729
0.659 197.325
0.661 197.922
0.663 198.518
0.665 199.115
0.667 199.711
0.669 200.308
0.671 200.905
0.673 201.501
0.675 202.098
0.677 202.695
0.679 203.292
0.681 203.889
0.683 204.486
0.685 205.083
0.687 205.68
0.689 206.277
0.691 206.874
0.693 207.471
0.695 208.068
0.697 208.666
0.699 209.263
0.701 209.86
0.703 210.458
0.705 211.055
0.707 211.653
0.709 212.25
0.711 212.848
0.713 213.446
0.715 214.043
0.717 214.641
0.719 215.239
0.721 215.837
0.723 216.435
0.725 217.033
0.727 217.631
0.729 218.229
0.731 218.827
0.733 219.425
0.735 220.023
0.737 220.622
0.739 221.22
0.741 221.819
0.743 222.417
0.745 223.016
0.747 223.614
0.749 224.213
0.751 224.811
0.753 225.41
0.755 226.009
0.757 226.608
0.759 227.207
0.761 227.806
0.763 228.405
0.765 229.004
0.767 229.603
0.769 230.203
0.771 230.802
0.773 231.402
0.775 232.001
0.777 232.601
0.779 233.2
0.781 233.8
0.783 234.4
0.785 235
0.787 235.599
0.789 236.2
0.791 236.799
0.793 237.4
0.795 238
0.797 238.6
0.799 239.2
0.801 239.801
0.803 240.401
0.805 241.002
0.807 241.602
0.809 242.203
0.811 242.804
0.813 243.405
0.815 244.006
0.817 244.607
0.819 245.208
0.821 245.809
0.823 246.41
0.825 247.012
0.827 247.613
0.829 248.215
0.831 248.816
0.833 249.418
0.835 250.019
0.837 250.621
0.839 251.223
0.841 251.825
0.843 252.427
0.845 253.029
0.847 253.631
0.849 254.234
0.851 254.836
0.853 255.439
0.855 256.041
0.857 256.644
0.859 257.247
0.861 257.85
0.863 258.452
0.865 259.056
0.867 259.659
0.869 260.262
0.871 260.865
0.873 261.469
0.875 262.072
0.877 262.676
0.879 263.279
0.881 263.883
0.883 264.487
0.885 265.091
0.887 265.695
0.889 266.299
0.891 266.903
0.893 267.508
0.895 268.112
0.897 268.717
0.899 269.321
0.901 269.926
0.903 270.531
0.905 271.136
0.907 271.741
0.909 272.346
0.911 272.951
0.913 273.557
0.915 274.162
0.917 274.768
0.919 275.374
0.921 275.98
0.923 276.585
0.925 277.191
0.927 277.797
0.929 278.404
0.931 279.01
0.933 279.617
0.935 280.223
0.937 280.83
0.939 281.436
0.941 282.043
0.943 282.65
0.945 283.258
0.947 283.865
0.949 284.472
0.951 285.079
0.953 285.687
0.955 286.295
0.957 286.903
0.959 287.51
0.961 288.119
0.963 288.727
0.965 289.335
0.967 289.943
0.969 290.552
0.971 291.16
0.973 291.769
0.975 292.378
0.977 292.987
0.979 293.596
0.981 294.206
0.983 294.815
0.985 295.425
0.987 296.034
0.989 296.644
0.991 297.254
0.993 297.864
0.995 298.474
0.997 299.084
0.999 299.695
1 300
